1
20 41 1
60 91 1
13 89 1
55 73 1
2 50 1
26 58 1
11 83 1
32 73 1
73 86 1
16 58 1
13 77 1
28 97 1
30 54 1
58 92 1
9 86 1
25 54 1
34 54 1
83 91 1
36 69 1
26 73 1
59 72 1
40 76 1
6 21 1
33 49 1
47 62 1
26 97 1
16 17 1
43 66 1
3 74 1
16 33 1
89 97 1
60 65 1
73 88 1
16 43 1
24 28 1
39 68 1
64 67 1
33 65 1
28 86 1
41 68 1
40 57 1
36 48 1
36 54 1
33 73 1
20 25 1
72 91 1
38 39 1
1 78 1
39 43 1
57 64 1
24 36 1
18 68 1
0 16 1
31 39 1
3 12 1
2 4 1
39 63 1
0 42 1
69 94 1
41 80 1
50 63 1
18 27 1
66 69 1
69 77 1
77 96 1
9 89 1
4 11 1
18 19 1
51 70 1
19 31 1
50 81 1
54 99 1
37 64 1
8 52 1
52 96 1
13 82 1
92 99 1
66 88 1
18 41 1
50 89 1
39 92 1
31 73 1
39 76 1
83 93 1
74 98 1
49 80 1
20 48 1
10 18 1
64 82 1
13 80 1
34 36 1
6 68 1
68 94 1
15 61 1
13 93 1
18 72 1
30 83 1
27 99 1
94 95 1
2 11 1
